% Part 2.2
A = [2 5; 2 9; 6 5];
B = [1 3 12; 5 2 9];
A*B
B*A
% Part 2.3
A = [5 1 9; 7 2 2];
B = [8 5; 4 2; 8 9];
A*B
B*A
% Part 2.4
A = [1 9 8; 8 4 7; 2 5 3];
B = [7; 1; 5];
A*B
B*A