A = [12 4; 3 -5]; % Part 2 - 1a
B = [2 12; 0 0];
A*B
B*A

A = [1 3 5; 2 4 6];  % Part 2 -1b
B = [-2 4; 3 8; 12 -2];
A*B
B*A